6 9 2 3 8 1 7 5 4 
3 8 1 7 5 4 6 9 2 
7 5 4 6 9 2 3 8 1 
9 6 3 2 1 8 5 4 7 
2 1 8 5 4 7 9 6 3 
5 4 7 9 6 3 2 1 8 
8 2 6 1 3 9 4 7 5 
1 3 9 4 7 5 8 2 6 
4 7 5 8 2 6 1 3 9 

3 2 8 9 4 1 7 5 6 
9 4 1 7 5 6 3 2 8 
7 5 6 3 2 8 9 4 1 
2 3 9 8 1 4 5 6 7 
8 1 4 5 6 7 2 3 9 
5 6 7 2 3 9 8 1 4 
4 8 3 1 9 2 6 7 5 
1 9 2 6 7 5 4 8 3 
6 7 5 4 8 3 1 9 2 

4 7 2 6 1 5 8 3 9 
6 1 5 8 3 9 4 7 2 
8 3 9 4 7 2 6 1 5 
7 4 6 2 5 1 3 9 8 
2 5 1 3 9 8 7 4 6 
3 9 8 7 4 6 2 5 1 
1 2 4 5 6 7 9 8 3 
5 6 7 9 8 3 1 2 4 
9 8 3 1 2 4 5 6 7 

